4294967279,80
4294967279,79
4294967279,78
4294967279,77
4294967279,76
4294967279,75
4294967279,74
4294967279,106
4294967279,105
4294967279,104
4294967279,103
4294967279,102
4294967279,101
4294967279,100
4294967279,99
4294967279,98
4294967279,97
4294967279,96
4294967279,95
4294967279,94
4294967279,93
4294967279,92
4294967279,91
4294967279,90
4294967279,89
4294967279,87
4294967279,86
4294967279,85
4294967279,84
4294967279,83
4294967279,82
4294967279,81
4294967279,334
4294967278,37
4294967278,36
4294967278,35
4294967278,34
4294967278,33
4294967278,32
4294967278,29
4294967278,27
4294967278,26
4294967278,25
4294967278,24
4294967278,23
4294967278,22
4294967278,18
4294967278,16
4294967278,15
4294967278,14
4294967278,13
4294967278,11
4294967278,8
4294967278,6
4294967278,5
4294967278,4
4294967279,132
4294967279,131
4294967279,130
4294967279,129
4294967279,256
4294967279,128
4294967279,127
4294967279,126
4294967279,125
4294967279,124
4294967279,123
4294967279,122
4294967279,121
4294967279,120
4294967279,247
4294967279,119
4294967279,245
4294967279,118
4294967279,243
4294967279,117
4294967279,116
4294967279,115
4294967279,114
4294967279,113
4294967279,112
4294967279,111
4294967279,110
4294967279,109
4294967279,227
4294967279,108
4294967279,107
4294967279,24
4294967278,521
4294967278,31
4294967279,19
4294967279,16
4294967279,15
4294967279,14
4294967279,13
4294967279,333
4294967278,142
4294967278,520
4294967278,30
4294967279,332
4294967278,141
4294967278,140
4294967278,519
4294967278,28
4294967279,331
4294967278,139
4294967279,279
4294967278,276
4294967278,134
4294967279,137
22,6
4294967278,136
22,5
4294967279,136
22,4
4294967278,135
22,3
22,2
22,1
4294967278,272
4294967279,135
4294967278,21
4294967278,274
4294967294,392
4294967294,115
4294967279,291
4294967278,20
4294967279,20
4294967279,275
4294967279,290
4294967278,19
4294967278,273
4294967279,274
4294967278,270
4294967279,273
4294967279,330
4294967279,18
4294967278,17
4294967278,269
4294967278,282
4294967279,272
4294967278,268
4294967279,270
4294967278,266
4294967279,269
4294967278,265
4294967278,518
4294967278,12
4294967279,287
4294967279,11
4294967279,286
4294967278,517
4294967278,10
4294967279,329
4294967278,9
4294967278,283
4294967278,262
4294967279,328
4294967278,261
4294967279,263
4294967278,259
4294967278,516
4294967278,7
4294967279,262
4294967279,327
4294967279,285
4294967279,259
4294967278,515
4294967278,514
4294967279,258
20,6
4294967278,513
20,5
4294967279,326
20,4
4294967278,512
20,3
20,2
20,1
4294967278,319
4294967279,325
4294967278,256
4294967279,324
4294967278,318
4294967279,323
4294967278,317
4294967279,322
4294967278,316
4294967279,321
4294967278,315
4294967278,314
4294967278,260
4294967279,320
4294967278,254
4294967278,253
4294967278,248
4294967278,252
4294967278,250
4294967278,249
4294967278,245
4294967278,242
4294967278,243
4294967278,240
4294967278,238
4294967278,239
4294967279,319
4294967278,237
4294967278,234
4294967278,228
18,6
4294967278,232
18,5
18,4
4294967278,230
18,3
18,2
18,1
4294967278,229
4294967294,99
4294967294,76
4294967294,5
4294967294,186
4294967294,439
4294967294,92
4294967294,91
4294967294,88
4294967294,86
4294967294,85
4294967294,83
4294967294,923
4294967294,955
4294967294,956
4294967294,51
4294967294,52
4294967294,44
4294967294,43
4294967294,40
4294967294,41
4294967294,38
4294967294,36
4294967294,82
4294967278,225
4294967278,132
4294967278,131
4294967278,130
4294967278,129
4294967278,128
4294967278,127
4294967278,126
4294967278,125
4294967278,124
4294967278,123
4294967278,122
4294967278,121
4294967278,120
4294967278,119
4294967278,118
4294967278,117
4294967278,116
4294967278,115
4294967278,114
4294967278,113
4294967278,112
4294967278,111
4294967278,110
4294967278,109
4294967278,108
4294967278,107
4294967278,105
4294967278,103
4294967278,102
4294967278,101
4294967278,100
4294967278,99
4294967278,98
4294967278,95
4294967278,93
4294967278,92
4294967278,91
4294967278,90
4294967278,84
4294967278,82
4294967278,81
4294967278,80
4294967278,79
4294967278,78
4294967278,77
4294967278,74
4294967278,73
4294967278,72
